0000000000000000
0000000000000000
0000000000000000
0000000000000000
0000000000000000
0000000000000000
0000000000000000
0000000000000000
0000000000000000
0000000000000000
0000000000000000
0000000000000000
0000000000000000
0000000000000000
0000000000000000
0000000000000000
0000000000000000
0000000000000000
0000000000000000
0000000000000000
0000000000000000
0000000000000000
0000000000000000
0000000000000000
0000000000000000
0000000000000000
0000000000000000
0000000000000000
0000000000000000
0000000000000000
0000000000000000
0000000000000000
0000000000000000
0000001000100000
0000001000000100
1001001011101100
1101001110101101
1101101000111101
0011001011101101
0000001000000000
0010100000000000
0000000000010010
0011101000111010
0001001000101000
0000000010100000
0001000000001000
0000000010000000
0000100000010000
1100110111010101
0100110000000000
1001010111001001
1101010110000001
0101010000001100
1101000110001101
1101000111001101
0000100100100001
1101010111001101
1101010110001101
0000000010001000
0000001000010000
1000100010010000
1001000010001000
1010000010000010
0001010100100001
1100010111111001
0101010101001101
1101011110100001
1000000111000101
1100011110100001
1000000111001101
0000000101001101
1101000111000101
0101010001001100
1000001110100001
1100010110010000
0010100001001100
1000000011000100
0100110001000110
0110010001000110
1100010111000101
0001010101001101
1110010111000101
0011010101001101
1101000110001101
0000001100100001
1100010011000100
0000100001010100
0110010001010100
0010100000010010
1101010010001100
1000100110010001
1000001100100000
0010000000000010
0000001010100001
0010000000010000
1000000010000000
0000000000000010
0000000010111000
0000000011101100
0000000011001000
0000001011101000
0000000011011000
0000000001001101
0000001010101101
0000000001101100
0000000000100000
0000001010100000
0011001000100000
0000000011000100
0101000001101000
0000000001101000
0000000011101000
0000001001001101
1000001000101101
0000000001001000
1011000000000000
0000000011001100
0000000011100000
0000000001010000
0110000001010000
0010100000010010
0000001010101100
0000000010011000
1000001100101000
0000001000100000
0001001010100001
0001011000000101
1100011111000101
1100111111000101
1101011111000101
1110011111000101
1100011111100101
1100011111010101
1100011111001101
1100011111000111
0000000000000000
0000000100000000
0001000000000000
1000000000000000
0000000001000000
0000000000100000
0100000000000000
0000000000000100
0000001000000000
0000010000000000
0000000000000001
0000000000001000
0000000010000000
0000000000011010
0011100000000000
0000101000000010
0010000000110000
1100101011000010
0101011001101100
1001001110101001
1001000110001001
0100011001100100
1100010010000000
1000000011000100
0100010100000001
0000000101000101
0000001000100000
1000001111100101
1001001110011000
0011100000011010
0001100000101010
0000001000100000
1010001110100011
0000010000000100
0100010111001001
1001110100000000
0010100000000000
0101000000001000
0000000000001000
1101010111100101
0000000100000001
0000001000001101
1001001010101000
0001100100000000
0000001010101001
0000100000000000
0000001001001100
1101111100000000
0001000000000000
0000000000010000
0000110000000000
1001011100000000
0000000000010010
0110100000010100
1010100000010100
0110101000011011
0000001011001000
0101010101001101
0101010101001101
0101010101001101
0101010101001101
0101010101001101
0101010101001101
1001001101101101
1010000111000101
1000000111001101
1000000111001101
1000000111001101
1000000111001101
1000001110100001
1000001110100001
1000001110100001
1000001110100001
1100011110101001
0110010101000110
1101010111001101
1101010111001101
1101010111001101
1101010111001101
1101010111001101
0010100000010010
1100110111010101
1100010011000110
1100110011000100
1100010011000100
1100010011000100
1101010010001100
0000000001010110
1101001011001101
0000000010111010
0000100010111000
0000000010111010
0000000010111010
0000000010111001
0000000010111001
1011000010111000
0000000000011101
0000000011011010
0000100011011000
0000000011011001
0000000011011001
0000000000100010
0000100000100000
0000000100100000
0000000100100000
0000000011101011
0000000001101001
0000000011101010
0000100011101000
0000000011101001
0000000011101001
0000000011101001
0001100000011000
1100110111010101
0000000011100010
0000100011100000
0000000011100001
0000000011100001
1101011000000000
0000000001011100
1101011000000000